         #    $         
       000    000       
 1111 00   22   00 3333 
 1111 00 222222 00 3333 
 1111 00 222222 00 3333 
  111 00 222222 00 c    
    a 00 222222 0000000%
00000000 b    b 0000000 
 00000000000000000      
     0000000000000d4444 
 999    00     000 4444 
 999999 00     000 4444 
 999999i00     000      
 999999 00     00000000 
 999999 00     000   e  
        00     00  555  
 000000000     00e55555 
@0000000000000000 5555  
 00000000  gg  000      
    hh 00 7777 00000000^
 88888 00 7777 00000000 
 88888 00 7777 00 ff    
 88888 00 7777 00 66666 
 8888  00 7777 00  6666 
       !                 